0	0.0251564524	0.0248496295	0.0443921157	0.0445107842	0.0356399491
0.0251564524	0	0.0299365572	0.0551776473	0.0443921157	0.0233640003
0.0248496295	0.0299365572	0	0.0275673991	0.0438120157	0.0154032702
0.0443921157	0.0551776473	0.0275673991	0	0.0212667555	0.0216700345
0.0445107842	0.0443921157	0.0438120157	0.0212667555	0	0.0428612737
0.0356399491	0.0233640003	0.0154032702	0.0216700345	0.0428612737	0
